function F = jacobianStateTransition(x, dt) 
    F = [1 0 0 dt 0 0;
         0 1 0 0 dt 0;
         0 0 1 0 0 dt;
         0 0 0 1 0 0;
         0 0 0 0 1 0;
         0 0 0 0 0 1];
end